                                              4 4                                              
                                                                   3 4                         
                                                        3         31 12 4               2      
                                               41       1          142  13     3       31     4
                                                      3          331 1231      123 4      2    
                                             41       1          123 4          31 12 4  31   4
                                                           2   332               142  13       
                   3 4                                    31   12  3 4          31 1231   12   
 4      4         31 12 4               3           3        3    31 12          3 4      3    
44      1          142  13     3       41           1        131   142  13 2  32        12     
 4    4          331 1231      123 4      3       3            2  31 12 4 31   123 4    3      
44    1          123 4          31 12 4  41       1        131   123 4       2 331 12          
 4         2   332               142  13                  23 23  3          31   142  13       
          31   12  3 4          31 1231   12             31   12   3 4          31 12 4        
 4  4        3    31 12          3 4                        3     31 12 4        3 4           
44  1        131   142  13 2  32        12             31   131    142  13                     
 44            2  31 12 4 31   123 4                    2     2  331 1231  12                  
441        131   123 4       2 331 12                31   131    123 4     3                   
 4        23 23  3          31   142  13              2   3 2   32           12                
         31   12   3 4          31 12 4                            3 4       3                 
            3     31 12 4        3 4                              31 12                        
       31   131    142  13                         31              142  13                     
              2  331 1231  12                       2             31 12 4                      
     31   131    123 4     3                     31              123 4                         
          3 2   32           12                   2              3                             
                   3 4       3                                                                 
                  31 12                             3 4                                        
   31              142  13                         31 12 4                                     
                  31 12 4              31           142  13  3                                 
 31              123 4                  3         331 1231   12                                
                 3                       31       123 4    3                                   
            3 4                           3      32        12                                  
           31 12 4  2   3                           3 4                                        
   31       142  1331   123 4                      31 12                                       
    2     331 1231  122  31 12 4               31   142  13                                    
 31       123 4     331   142  13   3           3  31 12 4                                     
  2      32           12 31 1231    12       31   123 4                                        
            3 4       3   3 4                 3 4 3                                            
           31 12     2 32                       12                                             
       31   142  13 31  123 4                                                                  
        2  31 12 4     2331 12                                                                 
     31   123 4       31  142  13             4                                                
      2   3              31 12 4   31         12                                               
                          3 4       2                                                          
                      21                                   13                                  
                       3                                   2                                   
                    21                                       13                                
                     3                                       2                                 
                                              4 4                                              