                       4 44    
                      41 144   
                               
           4 44       4  114   
          44 12        1  24   
          41 1 4       4 4     
                               
          41  14               
           4 4                 
                               
             414               
             414               
             444               
              4                
                               
                           4 4 
                         41  14
                               
  4  4                   4 1 14
42   1                    21 44
411   4                   44 4 
                               
441  14                        
 44  4                         