                                                                                  4       4       4       4       4       4       4       4                                            
 4       4       4       4       4       4       4       4       222222          444     444     444     444     444     444     444     444                                           
41       1       1       1       1       1       1       1       1444442        41 14   41 14   41 14   41 14   41 14   41 14   41 14   41 14                                          
        4               4                       4       4        222222         4 114   4 114   4 114   4 114   4 114   4 114   4 114   4 114                                          
 1      11       1      11       1       1      11      11                       123     123     123     123     123     123     123     123                                           
44      44      44      44      44      44      44      44                       4 4     4 4     4 4     4 4     4 4     4 4     4 4     4 4                                           
 3       3       3       3       3       3       3       3                       3       3       3       3       3       3       3       3                                             
                                                                                                                                                                                       
                                                                                                                                                                                       
                                                                                                                       444 4                            4444       4                   
                                                                                                                      441 144                          41  14     444                  
                                                                                                                     444 12                             124 4    44444                 
                                                                                                                      4411444                           4 114    41 14                 
                                                                                                                       44444                            4  4     4 114                 
                                                                                                                                                       4432       1244                 
                                                                                                                               444 4                    4  4     44 44                 
                                                                                                                              441 144                   4 114     4 4                  
                                                                                                                             444 12                     124 4                          
                                                                                                                              4411444                  41  14               4          
                                                                                                                               44444                    4444      41        14         
                                                                                                                          4                                                            
                                                                                                                         444                                                           
                                                                                                                        41 14                                     4 444                
                                                                                                                        411 4                                    441 144               
                                                                                                                        4421                                       21 444              
                                                                                                                         4 4                                     4441144               
                                                                                                                                                                  44444                
                                                                                   4       4       4       4       4       4       4       4                                           
                                                                                  31      31      31      31      31      31       1      31                                           
                                                                                  3       3       3       3       3       3       3       3                                    4444444 
                                                                                   1       1       1       1       1       1       1       1                                1  44444444
                                                                                   4       4       4       4       4       4       4       4                                4  4444444 