                  3 4                      
       3         31 12 4               2   
4      1          142  13     3       31  4
     3          331 1231      123 4      2 
4    1          123 4          31 12 4  314
          2   332               142  13    
         31   12  3 4          31 1231   12
   3        3    31 12          3 4      3 
4  1        131   142  13 2  32        12  
 3            2  31 12 4 31   123 4    3   
41        131   123 4       2 331 12       
         23 23  3          31   142  13    
        31   12   3 4          31 12 4     
           3     31 12 4        3 4        
      31   131    142  13                  
       2     2  331 1231  12               
    31   131    123 4     3                
     2   3 2   32           12             
                  3 4       3              
                 31 12                     
  31              142  13                  
   2             31 12 4                   
31              123 4                      
 2              3                          